[[1.5580880e-09 6.0581778e-10 1.9276927e-08 9.9999976e-01 9.8749647e-11
  8.5638596e-10 2.3247557e-10 2.4794095e-10 2.3218433e-07 1.2009902e-09]]
[[6.1540092e-08 6.7571493e-10 4.0386068e-09 9.9999976e-01 1.2003971e-09
  6.5313865e-11 2.9276697e-08 7.8305851e-10 6.3939844e-08 1.3960618e-09]]
[[1.4055951e-07 2.8827341e-08 1.1845799e-08 9.9999881e-01 3.4088323e-09
  2.8565464e-10 8.4130539e-07 5.7601952e-08 1.4430657e-07 2.4750626e-08]]
[[2.2128647e-07 6.1637229e-07 4.6694427e-07 9.9999523e-01 5.3071663e-09
  3.2828356e-09 8.2451535e-08 5.8876807e-08 3.3809044e-06 6.9898571e-09]]
[[4.6941267e-08 4.8834331e-10 1.0820693e-10 1.0000000e+00 5.2029997e-10
  2.2078244e-11 9.4082573e-09 1.4444840e-11 2.9089236e-08 2.4348742e-10]]
[[7.0932451e-08 3.6609897e-08 8.1682392e-06 9.9996233e-01 7.0145653e-08
  1.3643872e-08 1.6169475e-05 8.9992554e-06 4.0212290e-06 4.3017454e-08]]
[[3.0743608e-10 2.1039157e-09 5.4561816e-10 9.9999988e-01 5.3751552e-11
  7.0110155e-12 1.8281159e-09 3.2906334e-11 7.4701092e-08 4.4214396e-11]]
[[4.3516915e-09 7.1055708e-09 2.1230793e-09 9.9999964e-01 1.4585026e-08
  5.5730101e-11 1.1920510e-07 1.3055536e-09 2.3490531e-07 6.7906340e-11]]
[[2.1721707e-08 2.5874536e-09 2.4023959e-06 9.9999714e-01 1.1389976e-08
  1.2095140e-08 7.9660772e-08 2.0141592e-08 3.0596794e-07 6.8912776e-08]]
[[3.2151684e-06 4.7616151e-09 3.2062380e-07 9.9998939e-01 5.1845620e-07
  9.0953183e-09 3.7356340e-06 2.5398552e-07 2.4162830e-06 4.7231119e-08]]
[[3.1675352e-08 2.5223368e-08 4.0991712e-09 9.9999988e-01 3.2063325e-09
  3.9554540e-11 5.0288151e-08 4.8630583e-10 1.0639222e-07 6.6587880e-10]]
[[3.8251575e-09 2.9623601e-09 2.0396004e-10 1.0000000e+00 1.3982086e-11
  1.3111795e-12 2.1801367e-09 4.0720722e-11 3.3110499e-08 1.2520725e-11]]
[[6.8442545e-09 9.6747828e-09 2.9390584e-10 9.9999988e-01 2.0739649e-10
  2.1799557e-11 5.9920118e-09 4.0787432e-10 1.2167094e-07 4.1188564e-10]]
[[4.1542181e-10 9.3353973e-09 4.1208383e-09 9.9999988e-01 2.6927913e-10
  1.0197023e-10 3.4330387e-08 8.9918289e-10 1.4340688e-07 3.2002991e-11]]
[[1.8574431e-09 1.4133189e-09 5.2724276e-11 1.0000000e+00 3.8349189e-12
  1.9051175e-13 5.4433373e-09 7.3989252e-12 2.1913943e-08 1.8126348e-12]]
[[1.3139982e-07 3.0836218e-09 1.6926093e-07 9.9999928e-01 2.0686273e-09
  3.8583337e-09 8.1133784e-08 8.4964533e-09 3.8384783e-07 1.9032178e-08]]
[[3.3803502e-07 5.6019367e-10 3.2636212e-09 9.9999964e-01 1.9550817e-09
  3.6103533e-11 4.9504409e-09 2.2171940e-09 3.2737708e-09 5.8772915e-09]]
[[7.7014334e-08 1.7833454e-08 4.4930006e-09 9.9997914e-01 7.9898697e-08
  1.7991768e-09 3.2466451e-07 1.6616687e-07 1.9932630e-05 2.6759918e-07]]
[[8.5013507e-10 3.7710488e-10 4.2448541e-11 1.0000000e+00 2.3535152e-10
  1.8023931e-11 1.7362679e-09 2.5133131e-12 1.1747825e-08 8.6001303e-11]]
[[4.7626067e-06 1.4184293e-07 1.1952080e-08 9.9999297e-01 5.3314054e-08
  5.2987388e-09 1.9052635e-06 2.2681496e-08 7.4374725e-08 2.4811975e-08]]
[[2.0167930e-09 3.2331755e-09 7.0176182e-10 9.9999988e-01 5.1235655e-10
  2.6802201e-11 3.5959393e-09 5.2693439e-10 1.2345645e-07 9.0043868e-11]]
[[2.2275854e-07 7.2310069e-10 2.2809656e-09 9.9999940e-01 2.5161357e-09
  7.0381234e-10 1.9492707e-07 9.6031094e-10 7.7109526e-08 3.7567838e-09]]
[[2.2473491e-06 2.0868706e-07 4.1278938e-08 9.9998569e-01 6.6819990e-07
  2.4641164e-08 4.3851506e-07 4.5960329e-07 1.0304035e-05 3.2722267e-09]]
[[2.2411909e-07 2.2776614e-09 3.0011960e-09 9.9999928e-01 3.7733951e-08
  6.0609606e-10 2.5627113e-08 2.3951410e-09 2.9149800e-07 6.7783064e-09]]
[[4.6453948e-08 3.9549672e-08 2.0982570e-08 9.9999940e-01 3.2825972e-10
  3.1565836e-10 1.0705536e-07 1.2742263e-08 2.1446355e-07 1.3835653e-07]]
[[1.3674320e-07 2.1598612e-09 6.7387390e-07 9.9999845e-01 5.9149324e-10
  2.8620826e-09 4.3728392e-08 1.7513956e-09 6.9790292e-07 9.7114299e-09]]
[[2.0536790e-08 1.5980987e-08 5.0933124e-10 1.0000000e+00 1.1801657e-08
  2.3710783e-10 1.1710887e-08 1.0176895e-10 4.9926705e-08 3.2143588e-10]]
[[6.2444606e-08 2.7064843e-08 2.2414988e-09 9.9999952e-01 2.6538073e-08
  4.3876436e-10 2.2892797e-07 7.2010448e-10 5.3541243e-08 5.2827112e-08]]
[[1.3926247e-06 5.0183182e-09 2.7636242e-09 9.9999750e-01 5.0095297e-09
  2.1761130e-10 3.2255858e-07 2.2274907e-08 7.3654917e-07 1.4954466e-08]]
[[1.2002403e-07 5.0711463e-08 2.8106562e-08 9.9999964e-01 3.2295588e-08
  2.2361615e-09 6.7669831e-08 1.2007152e-09 1.3299152e-07 6.6504852e-10]]
[[1.6822133e-07 2.8503973e-08 1.6950030e-07 9.9999428e-01 1.3360162e-07
  7.5343118e-09 1.0934534e-06 4.5504066e-08 3.9683146e-06 2.5608514e-08]]
[[4.77196449e-10 9.33377731e-09 5.17180565e-09 9.99999881e-01
  1.17677257e-10 7.80029166e-11 3.47155229e-08 7.23680144e-11
  1.00179456e-07 8.88926606e-12]]
[[3.5813224e-07 1.4488118e-09 4.7006465e-09 9.9999034e-01 1.6491452e-08
  2.1717726e-10 4.2057434e-07 1.3088382e-08 8.8022180e-06 2.5967124e-08]]
[[4.5970312e-04 3.9064787e-08 1.5160859e-06 9.9946433e-01 2.6860860e-07
  5.6385854e-08 6.8998444e-05 4.5303046e-09 4.8348797e-06 2.2485874e-07]]
[[8.1239386e-06 6.3723874e-08 3.0683083e-07 9.9997902e-01 6.6177847e-08
  8.6861974e-08 1.0068271e-05 1.3440801e-07 1.8390515e-06 2.1444527e-07]]
[[4.8059029e-08 5.6295333e-09 8.0805968e-08 9.9999237e-01 1.1470681e-07
  1.6819340e-09 5.3869112e-06 1.5415114e-07 1.8897234e-06 1.9359347e-09]]
[[2.6332311e-08 2.7567509e-08 9.3507890e-10 9.9999976e-01 4.2875908e-10
  1.5358664e-10 5.8289968e-09 7.7774120e-11 2.8213199e-07 5.7455241e-10]]
[[5.7766488e-08 7.2902711e-09 5.5994376e-10 9.9999976e-01 1.2959665e-10
  7.4798882e-12 3.1638964e-10 5.0865934e-10 7.6708496e-08 3.0781097e-10]]
[[4.7904700e-06 8.7673943e-06 2.8908338e-05 9.9990773e-01 6.5190005e-07
  1.7302559e-06 3.3496606e-05 4.4568833e-06 9.2867449e-06 8.4670475e-08]]
[[2.8983921e-10 3.5205977e-11 1.0119209e-11 1.0000000e+00 3.8857098e-11
  2.4558968e-13 4.3411044e-10 3.8993314e-12 3.6431239e-10 1.2034676e-12]]
[[1.8795207e-07 1.2672433e-09 4.7270404e-10 9.9999976e-01 6.5249023e-10
  1.5021429e-11 1.1759389e-08 5.3788296e-10 2.1784166e-08 9.0351854e-10]]
[[4.7470550e-10 7.3350692e-10 1.3181164e-10 1.0000000e+00 3.0289715e-11
  1.5593674e-12 5.4955995e-10 9.6301959e-12 1.4050967e-09 1.0903496e-11]]
[[3.8818913e-09 2.1356339e-09 5.8885195e-11 1.0000000e+00 5.7079914e-11
  2.0545954e-12 1.7658495e-08 1.3177689e-11 4.5464481e-09 1.7038078e-11]]
[[1.5382613e-09 7.9940943e-09 1.6764085e-08 9.9997616e-01 9.6809527e-10
  2.2703381e-10 1.2223346e-06 3.7516341e-09 2.2594490e-05 9.3922148e-10]]
[[1.9712338e-06 9.5357329e-08 6.9873405e-09 9.9999571e-01 2.9158324e-08
  6.3906358e-10 1.0561180e-06 2.5389205e-08 1.1636648e-06 6.0812413e-09]]
[[4.9400736e-08 2.4370298e-08 5.3417278e-08 9.9999893e-01 4.3224024e-10
  3.9925857e-10 1.9396049e-07 2.1802673e-09 7.5618959e-07 3.7649954e-09]]
[[1.60428504e-09 2.62096993e-08 2.69524209e-10 9.99999881e-01
  5.06384801e-09 1.39688365e-11 1.82931914e-09 7.48811901e-10
  6.37506119e-08 1.40146117e-10]]
[[5.3240506e-06 1.4936226e-07 8.5555166e-07 9.9999058e-01 2.0893071e-06
  1.5062225e-08 5.1968641e-07 1.6718610e-07 1.2835434e-07 1.7774478e-07]]
[[1.0627376e-07 1.8539421e-09 1.5038825e-08 9.9999976e-01 2.2702078e-08
  3.7410519e-10 5.8144206e-08 4.1668988e-10 3.7064314e-08 6.9558376e-10]]
[[8.8433872e-08 2.2360853e-09 7.4127926e-09 9.9999988e-01 6.0775558e-09
  1.2341907e-10 2.9576189e-08 2.0726323e-10 1.1461444e-08 1.3212904e-10]]
[[1.2719146e-09 1.0106607e-08 2.4554279e-09 9.9999976e-01 2.8856095e-11
  2.8452537e-11 1.7442737e-09 1.5238241e-10 1.7925653e-07 4.1788514e-11]]
[[3.4554009e-07 2.5794771e-09 1.4429476e-10 9.9999952e-01 1.8225238e-09
  2.2172552e-11 1.4173649e-07 6.9188527e-10 2.0639703e-08 2.2853162e-09]]
[[6.7219383e-11 1.4110192e-12 9.0128209e-12 1.0000000e+00 1.0247859e-13
  2.2015260e-14 6.2847214e-11 1.3523633e-14 9.3005770e-10 7.7079483e-14]]
[[4.8224802e-09 4.3570175e-11 3.4440479e-08 9.9999928e-01 4.4070841e-10
  1.8615727e-10 2.2184331e-07 2.4490460e-10 4.1824219e-07 2.8110505e-09]]
[[9.9571780e-06 3.6738722e-08 6.3255857e-07 9.9997890e-01 4.9613864e-06
  3.9745480e-08 4.6579917e-06 9.4413203e-08 6.2497264e-07 1.1006948e-07]]
[[4.5970104e-08 5.2515329e-08 1.0396976e-07 9.9998343e-01 1.8791943e-07
  2.2727213e-09 9.7753300e-06 1.4624212e-07 6.2107993e-06 1.7468488e-09]]
[[1.39355114e-08 3.63562300e-08 3.50524193e-10 9.99999762e-01
  8.10749634e-10 1.36433469e-11 1.41083865e-08 3.15309473e-10
  2.71433407e-07 3.69314157e-09]]